686.000000 0.010000 0.000000 0.000000 0.000000 0.000000 0.000000
708.000000 0.024000 0.000000 0.000000 0.000000 0.000000 0.000000
754.000000 0.034000 0.000000 0.000000 0.000000 0.000000 0.000000
794.000000 0.048000 0.010000 0.000000 0.000000 0.000000 0.000000
836.000000 0.057000 0.019000 0.100000 0.000000 0.000000 0.000000
886.000000 0.066000 0.038000 0.013000 0.000000 0.000000 0.000000
9740.000000 0.074000 0.047000 0.030000 0.000000 0.000000 0.000000
1081.000000 0.083000 0.056000 0.038000 0.011000 0.000000 0.000000
1225.000000 0.094000 0.070000 0.048000 0.021000 0.002000 0.000000
1404.000000 0.109000 0.091000 0.072000 0.044000 0.027000 0.018000
1629.000000 0.119000 0.102000 0.083000 0.064000 0.046000 0.028000
1733.000000 0.134000 0.116000 0.108000 0.079000 0.060000 0.052000
1849.000000 0.143000 0.127000 0.119000 0.092000 0.074000 0.066000
1998.000000 0.153000 0.136000 0.128000 0.102000 0.094000 0.076000
2157.000000 0.166000 0.146000 0.138000 0.111000 0.104000 0.870000
2347.000000 0.173000 0.166000 0.149000 0.121000 0.113000 0.970000
2566.000000 0.182000 0.176000 0.159000 0.141000 0.123000 0.116000
2934.000000 0.193000 0.186000 0.169000 0.151000 0.134000 0.126000
3356.000000 0.219000 0.218000 0.202000 0.188000 0.174000 0.170000
3611.000000 0.229000 0.228000 0.214000 0.198000 0.194000 0.180000
3882.000000 0.239000 0.238000 0.224000 0.210000 0.204000 0.190000
4210.000000 0.249000 0.248000 0.234000 0.220000 0.216000 0.210000
4604.000000 0.264000 0.258000 0.244000 0.230000 0.226000 0.222000
5076.000000 0.274000 0.268000 0.264000 0.240000 0.236000 0.232000
5654.000000 0.284000 0.278000 0.274000 0.250000 0.246000 0.242000
6381.000000 0.294000 0.288000 0.284000 0.260000 0.256000 0.252000
7323.000000 0.303000 0.302000 0.298000 0.276000 0.274000 0.272000
8441.000000 0.313000 0.312000 0.310000 0.296000 0.284000 0.282000
9336.000000 0.328000 0.327000 0.325000 0.313000 0.299000 0.297000
10448.000000 0.338000 0.337000 0.335000 0.323000 0.321000 0.306000
14013.000000 0.351000 0.351000 0.345000 0.333000 0.331000 0.319000
20118.000000 0.371000 0.371000 0.369000 0.358000 0.356000 0.344000
22749.000000 0.381000 0.381000 0.379000 0.372000 0.366000 0.354000
25276.000000 0.391000 0.391000 0.389000 0.382000 0.380000 0.364000
28309.000000 0.401000 0.401000 0.399000 0.392000 0.390000 0.378000
28309.000000 0.411000 0.411000 0.409000 0.402000 0.400000 0.388000
