686.000000 0.010000 0.000000 0.000000 0.000000 0.000000 0.000000
708.000000 0.042000 0.013000 0.009000 0.004000 0.000000 0.000000
754.000000 0.073000 0.044000 0.026000 0.007000 0.000000 0.000000
794.000000 0.082000 0.053000 0.035000 0.026000 0.007000 0.000000
836.000000 0.104000 0.076000 0.067000 0.039000 0.032000 0.013000
886.000000 0.116000 0.089000 0.081000 0.053000 0.045000 0.032000
9740.000000 0.124000 0.098000 0.089000 0.062000 0.049000 0.040000
1081.000000 0.135000 0.117000 0.109000 0.082000 0.073000 0.055000
1225.000000 0.145000 0.128000 0.118000 0.092000 0.083000 0.065000
1404.000000 0.156000 0.148000 0.130000 0.110000 0.093000 0.084000
1629.000000 0.166000 0.158000 0.140000 0.122000 0.103000 0.095000
1733.000000 0.177000 0.169000 0.150000 0.132000 0.114000 0.105000
1849.000000 0.191000 0.183000 0.166000 0.147000 0.138000 0.120000
1998.000000 0.205000 0.199000 0.182000 0.165000 0.157000 0.139000
2157.000000 0.215000 0.210000 0.191000 0.174000 0.166000 0.149000
2347.000000 0.225000 0.220000 0.202000 0.183000 0.176000 0.168000
2566.000000 0.235000 0.230000 0.213000 0.195000 0.185000 0.179000
2934.000000 0.245000 0.241000 0.233000 0.205000 0.197000 0.188000
3356.000000 0.255000 0.251000 0.243000 0.216000 0.208000 0.200000
3611.000000 0.265000 0.260000 0.253000 0.226000 0.218000 0.210000
3882.000000 0.278000 0.273000 0.265000 0.238000 0.230000 0.222000
4210.000000 0.294000 0.293000 0.289000 0.265000 0.261000 0.257000
4604.000000 0.264000 0.258000 0.244000 0.230000 0.226000 0.222000
5076.000000 0.305000 0.305000 0.299000 0.285000 0.271000 0.267000
5654.000000 0.323000 0.320000 0.316000 0.299000 0.286000 0.282000
6381.000000 0.333000 0.330000 0.326000 0.312000 0.305000 0.292000
7323.000000 0.343000 0.340000 0.336000 0.322000 0.318000 0.301000
8441.000000 0.363000 0.361000 0.355000 0.348000 0.346000 0.344000
9336.000000 0.373000 0.371000 0.369000 0.358000 0.356000 0.354000
10448.000000 0.393000 0.391000 0.389000 0.378000 0.376000 0.374000
14013.000000 0.403000 0.401000 0.399000 0.392000 0.386000 0.384000
20118.000000 0.413000 0.411000 0.409000 0.402000 0.400000 0.394000
22749.000000 0.423000 0.421000 0.419000 0.412000 0.410000 0.404000
25276.000000 0.431000 0.431000 0.429000 0.422000 0.420000 0.416000
28309.000000 0.441000 0.441000 0.439000 0.432000 0.430000 0.428000
28309.000000 0.451000 0.451000 0.449000 0.442000 0.440000 0.438000
